 187.0 233.0 278.0 201.0 240.0 241.0 269.0 288.0 287.0 249.0 321.0 191.0
  86.0 278.0 243.0 182.0 172.0 237.0 274.0 183.0 225.0 256.0 257.0 193.0
 103.0 227.0 235.0 174.0 150.0 171.0 244.0 223.0 146.0 218.0 208.0 121.0
 116.0 211.0 224.0 185.0 229.0 147.0 240.0 186.0 214.0 210.0 227.0 194.0
 196.0 273.0 331.0 206.0 246.0 247.0 324.0 270.0 245.0 325.0 286.0 189.0
 135.0 280.0 310.0 237.0 183.0 265.0 292.0 270.0 268.0 339.0 323.0 241.0
 160.0 230.0 279.0 169.0 217.0 269.0 253.0 227.0 241.0 270.0 274.0 205.0
  66.0 108.0 165.0 111.0 100.0 106.0 103.0 157.0 155.0  99.0 130.0  90.0
 138.0 241.0 308.0 216.0 265.0 274.0 279.0 251.0 258.0 330.0 265.0 231.0
 135.0 202.0 291.0 221.0 200.0 190.0 219.0 271.0 246.0 262.0 260.0 212.0
 154.0 231.0 304.0 173.0 228.0 296.0 234.0 311.0 234.0 281.0 320.0 209.0
 112.0 208.0 254.0 160.0 225.0 201.0 209.0 237.0 202.0 204.0 229.0 175.0
